dim_flag: false

X_u: -0.01

# Sway hydrodynamic derivatives
Y_v: -0.010659050686665396
Y_r: 0.0017799664706713543

# Yaw hydrodynamic derivatives
N_v: -0.0006242757399292063
N_r: -0.001889456681929024

#Heave hydrodynamic derivatives
Z_w: -0.01




