mass: 1 # in kg
buoyancy_mass: 0.5 # in kg
inertia_matrix: [[0.000000, 0.000000, 0.000000], [0.000000, 0.000000, 0.000000], [0.000000, 0.000000, 0.000000]] # in kg*m^2
added_mass_matrix: [[0.000000, 0.000000, 0.000000], [0.000000, 0.000000, 0.000000], [0.000000, 0.000000, 0.000000]] # in kg*m^2/s
